1321
4324
342
34324
4324
23432
23432
3432
43244
234324
34241
426245
34543
235324
12653
5436
3453453
2754
535453
235
542543
234324
32432
2342
5325
35352
235352
235324
234324
23423
23432
5234
425
325
3525235
53534
2534
27
5
5647
5476546
456546
4654
456
423424
8667
9686
646
462
867
34543
7546345
45346
234265
435435
2523
12412
6645
2352
432
6546
74
23
34
6534
235234
234523523
353432
654
23425
2653
1223
53543
87687
54354
7634
23524
643543
543575
6546
87858
645636
254365
4756456
6546
85785
463643
654576488
63646366646
64364537
87686
251
9089
465
26357
3464364
53463
73754
2463
142
63643
142141
47475
235
45742
253
234
261
7
346
745
74
636346
34634
7376
587785
49
90776546
6546
546564
8472456
356235
457
6856
75747
4573
6348
457
4785
475
4745
7486
7457
4574
75
4858
585
485
48
98
5854845
756
76474
646
674767
4688654
526
36
63
6
8
437
57
3475
63464
5375
745
6
34786
38
56
4365
36
136
3
635
645
38
5745
735
7457457457
537574
57
4573
57
37547573
537347
43753
534537
543635
645643
6536
535
63456
3534
535
345
354
35
356
56
45645
73457
537
357
357
37537
537
357
357
37
3575
3753757
35734757
357357
357357
3573473
573577
3574573
5373546
35656
5
5463
54
6543
564
654
23
6213
68785
905
7587
6546
34
53453
756
756
7657
58
56856
74576
35
3452
52454535
5253247
874986785
46756
7467
4754
747
577
478
68
25425
643
63
26457856
2
63425432
66
62432
451
2
4
635
78347
754363
2352
7357
3645
234
12341
37574
36546
5
5
353
6532
65
43
563
14
984364536
3636
653653
6536565
4364
54
5435
4524514
5
25
8
7648
6
95
73
5
365
65
6
3456
36
46
53
653
6
35
36